5000  -10.9214  1.00104
5001  -5.21806  1.00026
5002  -1.97912  0.999331
5003  -9.16443  0.999032
5004  2.51942  0.997043
5005  -11.7511  0.998212
5006  1.35066  0.995955
5007  -7.78074  0.996835
5008  -10.1469  0.996264
5009  -27.7647  0.997679
5010  -13.1015  0.99565
5011  -13.1015  0.99565
5012  -24.0179  0.996432
5013  4.64112  0.993226
5014  9.72728  0.992356
5015  2.68538  0.992962
5016  -18.2216  0.994901
5017  -4.22913  0.992857
5018  0.304409  0.99151
5019  -5.70925  0.991531
5020  -0.388083  0.990469
5021  -4.2552  0.990527
5022  -8.60084  0.991341
5023  -12.0988  0.991935
5024  6.56431  0.989874
5025  -22.9941  0.992509
5026  0.556028  0.989694
5027  -6.35439  0.989912
5028  -14.2269  0.989943
5029  -12.7786  0.98909
5030  -1.17865  0.987409
5031  -20.6172  0.989383
5032  -6.03386  0.987889
5033  -20.3912  0.98894
5034  -18.8423  0.989032
5035  5.05355  0.986698
5036  5.05355  0.986698
5037  -17.5209  0.988816
5038  -22.6399  0.989584
5039  -2.76246  0.987467
5040  -1.34952  0.986824
5041  -13.4357  0.987729
5042  3.09689  0.985995
5043  -34.5747  0.991412
5044  -11.4382  0.990393
5045  -10.6558  0.991457
5046  -10.1594  0.991997
5047  -7.10543  0.991985
5048  -8.16171  0.992375
5049  -17.7326  0.993875
5050  7.95837  0.990928
5051  -8.55138  0.992474
5052  -2.17322  0.992133
5053  -5.01955  0.992796
5054  2.8878  0.992018
5055  -15.5419  0.994334
5056  -5.83018  0.994051
5057  -1.21004  0.994057
5058  1.32883  0.994389
5059  -16.6788  0.996824
5060  -14.3795  0.997633
5061  -15.6767  0.998355
5062  7.49734  0.996694
5063  -2.51477  0.99799
5064  12.4316  0.996943
5065  -16.3602  1.00044
5066  -17.1498  1.0014
5067  4.75929  1.0008
5068  -9.43926  1.00413
5069  -7.06251  1.00443
5070  -0.909528  1.00582
5071  -2.31401  1.00645
5072  -4.67624  1.00767
5073  5.24734  1.00711
5074  -14.5498  1.00942
5075  -7.35756  1.00918
5076  -0.596022  1.00841
5077  9.03883  1.00779
5078  -3.05312  1.00954
5079  -3.03783  1.0096
5080  2.64635  1.00944
5081  -27.7491  1.01242
5082  7.69239  1.00877
5083  -11.0394  1.01058
5084  -0.307888  1.00946
5085  15.4787  1.00869
5086  -3.9918  1.01061
5087  -0.427503  1.00959
5088  -3.79746  1.00959
5089  2.52958  1.00831
5090  -2.49715  1.00774
5091  1.84939  1.00667
5092  -10.0132  1.00758
5093  3.60969  1.00618
5094  -10.0597  1.00727
5095  12.6165  1.00457
5096  -7.2851  1.00578
5097  -1.30967  1.00403
5098  -7.19078  1.00351
5099  -4.84388  1.00238
5100  -4.84388  1.00238
5101  -3.38389  1.00172
5102  1.4852e-12  1
5103  -10.0875  0.999799
5104  -5.61149  0.998775
5105  3.68902  0.997686
5106  -17.0443  0.999556
5107  -5.8346  0.997971
5108  0.154345  0.997443
5109  -9.50214  0.998422
5110  6.72579  0.996886
5111  -7.07988  0.997471
5112  -2.26752  0.997077
5113  0.232637  0.996581
5114  5.97551  0.996226
5115  -1.22602  0.998257
5116  -4.905  0.999928
5117  2.36575  1.00028
5118  6.12624  1.00107
5119  -10.7249  1.00349
5120  -1.42853  1.0032
5121  11.006  1.00206
5122  6.04769  1.0023
5123  1.16947  1.00312
5124  -2.90678  1.00427
5125  4.55425  1.00405
5126  -2.43516  1.00544
5127  -0.0395863  1.00578
5128  -1.8415  1.00693
5129  8.6028  1.007
5130  -9.46257  1.00972
5131  -6.09898  1.01038
5132  -3.66766  1.01065
5133  -6.65315  1.01178
5134  -11.1769  1.01262
5135  5.14838  1.01055
5136  1.01714  1.01119
5137  -12.3624  1.01258
