5000  7804.95  8518.05  9232.14  9915.67  10722.6  11568.1
5001  7807.4  8516.77  9233.51  9917.21  10725.3  11572.1
5002  7808.94  8523.45  9239.75  9923.02  10734.1  11577.5
5003  7820.36  8532.1  9248.87  9931.96  10744.7  11589.2
5004  7824.18  8538.92  9254.55  9940.17  10751.9  11602.6
5005  7827.61  8541.27  9260.62  9945.27  10756.2  11599.3
5006  7835.35  8547.36  9265.11  9954.01  10764.3  11616.5
5007  7837.02  8545.1  9269.74  9956.15  10767  11611.4
5008  7843.05  8556.49  9274.56  9962.98  10774.7  11622.1
5009  7850.55  8560.77  9278.96  9966.36  10777.9  11623
5010  7850.66  8566.85  9282.32  9969.84  10784.5  11633.3
5011  7850.66  8566.85  9282.32  9969.84  10784.5  11633.3
5012  7858.29  8568.77  9284.99  9972.18  10787.1  11636.3
5013  7847.93  8572.92  9288.41  9978.6  10791.9  11642.3
5014  7851.49  8571.08  9294.52  9982.15  10795  11648
5015  7853.73  8574.28  9294.22  9982.39  10797.2  11647.5
5016  7863.46  8575.51  9294.49  9983.01  10799.5  11646.1
5017  7863  8579.84  9303.08  9990.13  10805.1  11656.1
5018  7868.14  8590.32  9310.37  9997.28  10813.1  11669.7
5019  7877.95  8591.57  9314.11  10004.4  10821.6  11674.4
5020  7876.43  8599.55  9319.93  10011.5  10826.6  11680.3
5021  7882.75  8601.6  9322.4  10012.4  10829.2  11686
5022  7876.83  8599.24  9321.55  10011.7  10827.7  11675.7
5023  7879.81  8594.48  9317.65  10008.7  10823.6  11674.7
5024  7876.65  8596.27  9318.8  10007  10826.1  11682.4
5025  7884.17  8601.6  9325.76  10012.6  10829.1  11677.9
5026  7881.17  8606.66  9326.04  10018.3  10832.3  11689.8
5027  7889.96  8605.97  9331.97  10022  10841.3  11692.1
5028  7897.36  8614.51  9339.09  10030.1  10847.7  11700.4
5029  7902.11  8623.52  9345.07  10035.3  10852.9  11711.9
5030  7903.75  8626.8  9349.48  10040.4  10858.4  11721
5031  7906.85  8625.44  9353  10042.9  10860.9  11711.9
5032  7902.81  8625.58  9351.59  10044  10862.2  11714.7
5033  7911.36  8632.81  9351.89  10045.8  10863.5  11720.5
5034  7911.03  8624.84  9353.13  10043.7  10861.4  11716.9
5035  7900.31  8629.69  9349.9  10042.6  10859.2  11722.4
5036  7900.31  8629.69  9349.9  10042.6  10859.2  11722.4
5037  7910.05  8629.1  9352.91  10042.6  10861.5  11719.6
5038  7907.88  8628.51  9349.99  10040.2  10862.1  11712.7
5039  7898.5  8630.68  9354.65  10044.3  10860.8  11717.1
5040  7906.52  8631.73  9357.41  10048.2  10866.2  11725.5
5041  7912.28  8635.94  9361  10049  10870  11727.1
5042  7911.04  8632.38  9359.2  10051.8  10872.8  11730.5
5043  7907.69  8624.33  9342.8  10031.5  10854.6  11704.8
5044  7890.04  8607.65  9332.92  10022.8  10841.9  11690.4
5045  7879.68  8603.22  9319.51  10009.5  10824.8  11681.6
5046  7874.76  8595.94  9314.31  10005.6  10821.6  11671.4
5047  7872.51  8589.48  9313.34  10004.3  10819.2  11667
5048  7872.28  8588.66  9307.39  9999.76  10815.1  11666.1
5049  7868.67  8583.87  9307.52  9993.23  10809.3  11656.6
5050  7866.34  8582.82  9311.3  9996.39  10812.6  11667.3
5051  7871.12  8588.48  9309.65  9996.82  10813.7  11666.1
5052  7867.53  8585.68  9305.33  9994.55  10809.5  11664.7
5053  7863.28  8584.29  9302.86  9990.57  10806  11658.6
5054  7861.06  8583.09  9301.82  9992.79  10804.7  11660
5055  7861.56  8581.82  9298.47  9986.55  10799.7  11651
5056  7853.41  8574.97  9291.53  9979.33  10794.1  11643.7
5057  7850.47  8566.32  9287.11  9976.97  10790.4  11637.5
5058  7844.37  8561.9  9282.69  9970  10783.5  11631.6
5059  7846.3  8556.54  9278  9961.88  10774.7  11623.2
5060  7833.9  8550.84  9266.94  9954.15  10765.7  11608.2
5061  7833.44  8543.77  9260.13  9946.01  10757.9  11604.3
5062  7819.6  8537.56  9254.75  9939.83  10751  11599.9
5063  7820.09  8536.46  9250.46  9938.51  10747.8  11594.3
5064  7815.32  8526.11  9248.9  9932.93  10742.5  11592.7
5065  7814.48  8528.4  9243.89  9927.54  10735.4  11579.4
5066  7809.43  8521.26  9234.67  9916.03  10725.4  11571.2
5067  7792.31  8502.16  9220.76  9901.22  10709.7  11555.5
5068  7781.52  8487.39  9202.64  9883.45  10689.9  11530.4
5069  7773.92  8485.14  9202.59  9874.36  10680.3  11527.2
5070  7758.35  8465.56  9177.92  9860.31  10665  11500.2
5071  7753.26  8464.26  9175.33  9852.85  10658  11496.1
5072  7744.38  8457.17  9167.16  9844.36  10648.5  11482.6
5073  7740.45  8451.38  9161.4  9839.18  10645  11480
5074  7749.81  8448.76  9151.97  9835.89  10640.3  11477
5075  7737.33  8445.32  9155.95  9831.83  10635.3  11468.8
5076  7739.87  8443.91  9154.33  9832.12  10632.3  11475.5
5077  7728.91  8443.39  9155  9828.04  10631.1  11469.4
5078  7729.26  8440.8  9147.83  9823.13  10625.4  11462.1
5079  7731.17  8438.83  9146.93  9820.58  10623.9  11463.5
5080  7724.79  8433.82  9144.53  9818.78  10621.8  11456.4
5081  7737.69  8436  9144.18  9817.04  10621.7  11455.3
5082  7725.82  8433.12  9146.3  9820.9  10621.3  11460.6
5083  7731.66  8435.9  9148.5  9819.36  10623.1  11458.4
5084  7731.01  8434.88  9145.13  9820.54  10623.8  11461.5
5085  7720.36  8427.12  9133.98  9812.35  10622.4  11450.6
5086  7720.58  8432.11  9141.56  9814.66  10615.3  11449.4
5087  7727.01  8437.33  9144.85  9819.57  10621.1  11460.1
5088  7733.5  8435.85  9147.11  9825.23  10627.1  11461.6
5089  7733.06  8441.32  9156.45  9832.85  10633.4  11467.8
5090  7743.55  8453.57  9162.76  9841.32  10645.1  11480.9
5091  7748.58  8455.59  9168.89  9849.03  10651.8  11488.4
5092  7751.79  8459.98  9173.84  9851.74  10656.4  11487.4
5093  7746.62  8459.78  9175.76  9852.18  10655.2  11490.4
5094  7754.08  8464.35  9176.71  9853.57  10656.8  11493.7
5095  7752.25  8465.64  9179.08  9856.2  10661.7  11503.5
5096  7765.37  8473.38  9186.07  9863.31  10669.4  11510.2
5097  7774.64  8480.67  9195.71  9874.38  10681.8  11525.1
5098  7781.43  8494.7  9204.69  9887.66  10693.4  11535.4
5099  7793.32  8496.68  9211.63  9895.62  10702.5  11548.4
5100  7793.32  8496.68  9211.63  9895.62  10702.5  11548.4
5101  7794.29  8503.98  9215.37  9900.4  10712  11551.5
5102  7800.13  8517.21  9232.7  9914.95  10722.7  11568.5
5103  7812.79  8527.51  9244.97  9926.24  10736.5  11580.3
5104  7813.18  8534.18  9251  9933.05  10743.3  11586
5105  7817.9  8530.13  9249.22  9933  10745.9  11591.8
5106  7823.88  8532.53  9254.79  9937.05  10746.2  11589.7
5107  7823.15  8539.38  9256.27  9941.12  10750.7  11598.1
5108  7823.57  8536.73  9253.07  9939.55  10751.8  11598.6
5109  7824.42  8536.8  9257.04  9939.59  10750.9  11595.8
5110  7820.53  8532.67  9254.41  9940.39  10751.6  11596.5
5111  7829.17  8544.43  9262.46  9945.06  10758.9  11605.2
5112  7827.09  8542.31  9261.29  9946.78  10757.2  11604.5
5113  7825.66  8548.78  9262.83  9947.84  10759.7  11608.1
5114  7825.36  8542.28  9259.91  9946.93  10758.2  11606.3
5115  7817.79  8531.86  9247.22  9933.61  10742.9  11591
5116  7805.77  8522.03  9237.58  9920.72  10731.8  11571.9
5117  7795.52  8511.99  9228.01  9909.83  10718.8  11561.8
5118  7783.8  8502.87  9213.6  9901.4  10712.9  11543.2
5119  7784.45  8495.26  9212.06  9892.33  10699.7  11535.9
5120  7780.03  8488.49  9202.96  9884.53  10690.9  11533.6
5121  7774.08  8489.06  9201.13  9882.27  10691.1  11533.9
5122  7779.47  8488.59  9205.8  9884.78  10690.7  11538.3
5123  7779.47  8488.24  9198.83  9880.26  10687.9  11534.8
5124  7770  8484.12  9195.47  9875.09  10681.9  11521.3
5125  7763.51  8479.44  9191.84  9868  10675.6  11517.5
5126  7759.82  8473.72  9185.17  9864.28  10668.1  11507.3
5127  7755.8  8468.14  9179.91  9857.25  10660.5  11502.9
5128  7749.67  8458.21  9171.97  9847.41  10652.2  11490.3
5129  7738.84  8451.16  9156.49  9836.36  10639.2  11481.6
5130  7737.51  8442.73  9150.69  9827.72  10630.8  11466.9
5131  7726.34  8437.07  9141.58  9817.68  10622.1  11454.5
5132  7727.07  8427.48  9136.37  9812.34  10612.1  11453.7
5133  7719.28  8421.51  9130.87  9804.24  10606.3  11440.8
5134  7717.15  8418.55  9128.31  9802.04  10599.9  11436.4
5135  7713.73  8425.67  9129.41  9804.52  10604.7  11444.6
5136  7713.89  8419.27  9130.42  9804.21  10605.4  11437.8
5137  7721.75  8418  9127.65  9802.76  10602.8  11438.7
