26 70  18.5
26 71  14.3
26 72  11.65
26 73   9.59
26 74   6.64
27 71  6.075
27 72  16.51
27 73  13.41
27 74  10.68
27 75   6.76
27 76   2.41
27 77  -2.7
28 73  10.62
28 74  13.78
28 75  10.85
28 76   6.96
28 77   2.80
28 78  -1.39 
28 79  -5.62
28 80  -8.82
29 76   5.43
29 77   6.08
29 78   2.45
29 79  -1.49
29 80  -5.49
29 81  -9.34
29 82 -12.99
30 79   2.23
30 80  -2.49
30 81  -6.16
30 82  -9.89
30 83 -13.41
30 84 -15.2
31 82  -8.23
31 83 -11.28
31 84 -14.7
31 85 -16.53
32 85 -16.82
32 86 -18.17

