1000  -132.993  1.02647
1001  -142.976  1.02764
1002  -142.976  1.02764
1003  -144.33  1.02812
1004  -1.96487  1.01338
1005  -11.0836  1.01427
1006  -14.8947  1.01452
1007  -7.47619  1.0136
1008  34.4443  1.00953
1009  39.3382  1.00881
1010  14.775  1.01097
1011  -0.123517  1.01217
1012  -48.843  1.01748
1013  3.40932  1.00894
1014  -6.30475  1.01051
1015  -10.1763  1.0114
1016  0.779576  1.01021
1017  5.23563  1.00987
1018  -27.3503  1.0128
1019  3.36693  1.00946
1020  -17.8024  1.011
1021  -4.13743  1.00878
1022  21.199  1.00487
1023  -4.17892  1.00709
1024  11.6022  1.00583
1025  0.898281  1.00721
1026  3.82865  1.00649
1027  -12.3333  1.0079
1028  -1.83763  1.00589
1029  -8.12829  1.00657
1030  16.4019  1.00378
1031  -1.76652  1.0048
1032  3.58461  1.00335
1033  -0.652372  1.00211
1034  -8.34819  1.00313
1035  -33.9997  1.00619
1036  -4.77219  1.00464
1037  4.46543  1.00393
1038  -5.37199  1.00484
1039  0.908433  1.00406
1040  5.28796  1.00266
1041  32.86  1.00005
1042  3.19345  1.00187
1043  4.07889  1.00138
1044  -3.51928  1.0015
1045  17.3078  0.998981
1046  4.40017  1.00032
1047  -2.07786  1.00072
1048  -4.52395  1.00096
1049  9.03013  0.999358
1050  1.62695e-12  1
1051  -9.77049  1.00082
1052  0.531664  0.999653
1053  43.8861  0.995061
1054  -5.26984  0.999838
1055  -4.75839  0.999264
1056  8.10746  0.99724
1057  -1.00016  0.998087
1061  3.06304  0.997805
1062  9.49079  0.997587
1063  2.40873  0.998958
1064  9.51449  0.998636
1065  -4.71359  0.999635
1066  7.87791  0.997143
1067  -6.80774  0.998123
1068  -5.76768  0.997118
1069  0.890486  0.995665
1070  9.28935  0.993904
1071  28.6271  0.992104
1072  0.898409  0.994491
1073  -17.489  0.996121
1074  -3.37914  0.995241
1075  -11.154  0.995489
1076  -1.60563  0.994681
1077  0.904433  0.99415
1078  6.78257  0.992926
1079  1.08098  0.993051
1080  8.75532  0.992877
1081  -0.291559  0.993984
1082  2.84877  0.994247
1083  9.95618  0.99456
1084  -14.4246  0.997623
1085  -5.12201  0.997247
1086  -4.74843  0.997844
1087  -0.272096  0.997799
1088  -19.8959  0.999512
1089  1.93579  0.997747
1090  4.06546  0.997773
1091  -3.21219  0.998604
1092  6.78229  0.998371
1093  19.7254  0.997499
1094  4.35401  0.999352
1095  -7.98446  1.00057
1096  11.1967  0.999712
1097  79.6583  0.993204
1098  -2.6764  1.00224
1099  -8.11273  1.00408
1100  -7.94007  1.00462
1101  16.0474  1.00312
1102  -4.49484  1.00557
1103  3.8802  1.00575
1104  28.3383  1.00359
1106  15.6799  1.00466
1107  0.874961  1.00765
1108  -2.83274  1.00916
1109  8.6124  1.00917
1110  7.60656  1.01074
1111  1.30362  1.01269
1112  -8.5212  1.01417
1113  -2.44837  1.01368
1114  -1.85868  1.01396
1115  21.1718  1.01123
1116  23.981  1.01121
1117  22.4683  1.01098
1118  -13.1024  1.01349
1119  -24.0779  1.01398
1120  9.04565  1.01057
1121  19.1546  1.00952
1122  7.70354  1.01041
1123  1.14925  1.01087
1124  2.04764  1.01047
1125  7.77267  1.01001
1126  12.1284  1.00942
1127  14.9848  1.00921
1128  -5.8869  1.0115
1129  -8.24249  1.01117
1130  3.81022  1.01017
1131  7.88453  1.00987
1132  5.78315  1.01012
1133  -2.65602  1.01127
1134  10.9815  1.0105
1135  8.42943  1.01423
1136  2.57857  1.01587
1137  -2.71521  1.01773
1138  -15.7161  1.01971
1139  -7.37862  1.01982
1140  13.0225  1.01788
1141  8.55545  1.01841
1142  -6.05964  1.01993
1143  -5.1153  1.02055
1144  -27.3953  1.02259
1145  13.2528  1.0182
1146  9.47957  1.01783
1147  11.2172  1.01751
1148  -0.733451  1.00831
1150  -32.7592  1.0119
1151  -17.3256  1.01066
1152  -30.6705  1.01242
1153  2.41338  1.00938
1154  32.143  1.00559
1155  -16.0586  1.01016
1156  -19.2786  1.00936
1157  -22.3734  1.00871
1158  -6.96786  1.00586
1159  -26.8429  1.00662
1160  -19.5307  1.00593
1161  -24.2921  1.00564
1162  -20.6886  1.00479
1163  -17.1663  1.00346
1164  0.481595  1.00114
1165  -10.4532  1.00155
1166  -29.7941  1.00264
1167  -15.0202  1.00121
1168  -27.7046  1.00242
1169  -27.7046  1.00242
