2020  8682.42  8264.31  7855.34  7458.71  7080.4
2021  8686.34  8266.71  7859.14  7468.02  7084.89
2022  8690.05  8271.78  7863.54  7468.21  7088.96
2023  8693.95  8277.24  7868.67  7473.42  7090.77
2024  8705.29  8286.24  7878.17  7478.86  7100.7
2025  8710.65  8291.07  7882.97  7484.63  7102.2
2026  8717.57  8297.16  7889.29  7491.22  7109.32
2027  8719.05  8299.55  7890.66  1591.49  7111.81
2028  8717.67  8298.21  7888.57  4452.41  7109.23
2029  8714.08  8297.07  7887  8274.77  7106.3
2030  8699.97  8281.57  7873.4  7476.08  7094.59
2031  8696.18  8275.98  7867.79  7469.66  7086.35
2032  8689.37  8273.91  7865.87  7467.65  7088.17
2033  8695.38  8275.41  7866.92  7472.42  7089.28
2034  8696.18  8276.95  7871.28  7472.66  7089.85
2035  8705.33  8282.2  7871.08  7470.52  7097.72
2036  8697.64  8277.64  7869.3  7475.1  7090.78
2037  8694.66  8274.76  7867.26  7470.86  7088.99
2038  8688.94  8271.39  7861.55  7466.5  7086.39
2039  8688.78  8269.34  7863.48  7463.6  7085.2
2040  8680.51  8263.3  7856  7460.02  7080.5
2041  8674.09  8256.14  7848.75  7452.99  7075.2
2042  8666.77  8248.64  7842.75  7448.14  7068.49
2043  8654.62  8237.9  7831.27  7435.64  7059.36
2044  8642.85  8226.91  7822.02  7427.5  7048.45
2045  8636.35  8219.23  7812.99  7420.7  7041.86
2046  8628.29  8213.33  7808.15  7417.23  7037.94
2047  8624.91  8208.86  7804.47  7412.03  7033.59
2048  8618.57  8202.89  7797.33  7405.46  7026.76
2049  8607.18  8191.75  7787.48  7395.23  7018.75
2050  8594.41  8177.95  7775.56  7383.48  7008.2
2051  8572.79  8159.42  7755.91  7365.31  6990.87
2052  8549.42  8136.1  7736.55  7344.41  6971.02
2053  8532.91  8122.83  7722.55  7333.37  6959.98
2054  8515.53  8104.88  7705.63  7318.27  6946.34
2055  8503.66  8093.32  7697.43  7306.5  6933.64
2056  8485.44  8075.35  7675.02  7287.11  6916.89
2057  8476.67  8070.63  7672.4  7284.23  6914.67
2058  8475.5  8067.12  7668.59  7282.56  6910.47
2059  8476.52  8066.75  7665.31  7282.54  10728.9
2060  8477.6  8065.56  7668.33  7281.98  13720.2
2061  8478.09  8068.1  7668.48  7282.8  6910.76
2062  8475.86  8067.39  7669.26  7283.27  6911.55
2063  8478.96  8070.83  2904.95  7284.24  6914.16
2064  8484.6  8076.72  7677.23  7291.2  6918.05
2065  8494.08  8084.13  7686.42  7298.23  6923.95
2066  8504.75  8094.78  7694.68  7306.57  6932.41
2067  8509.01  8099.44  7698.46  7310.9  7505.54
2068  8519.2  8106.25  7708.83  7318.23  6946.64
2069  8529.67  8116.71  8463.92  7327.46  10876.2
2070  8539.38  8129.24  7728.1  7337.28  6962.36
2071  8552.45  8140.4  7738.36  7347.94  6974.42
2072  8562.29  8151.01  7749.35  7359.51  6985.51
2073  8574.97  8160.77  7758.56  7367.85  6990.73
2074  8583.61  8169.76  7766.44  7377.31  6999.97
2075  8597.41  8174.46  7776.61  7384.87  7003.7
2076  8598.5  8182.72  7779.8  7388.24  7012.52
2077  8600.01  8185.79  7782.25  7389.2  7010.89
2078  8602.1  8188.43  7785.33  7392.99  7015.11
2079  8608.79  8195.33  7790.13  7397.05  7020.93
2080  8612.39  8200.94  7793.42  7405.56  7015.96
2081  8625.7  8211.4  7806.28  7412.83  7034.48
2082  8634.11  8219.91  7814.58  7418.42  7039.89
2083  8655.14  8239.49  7832.69  7437.8  7057.99
2084  8665.86  8248.71  7840.78  7445.03  7064.9
2085  8673.24  8255.58  7847.8  7455.27  7074.47
2086  8679.93  8260.57  7853.57  7458.55  7077
2087  8685.12  8265.87  7857.92  7462.22  7082.17
2088  8687.7  8270.62  7862.08  7466.44  7086.25
2089  8692.01  8275.5  7865.1  7469.3  7088.26
2090  8695.59  8278.89  7869.57  7473.62  7091.46
2091  8699.66  8280.96  7874.27  7474.74  7094.78
2092  8702.39  8283.51  7874.79  7477.27  7096.86
2093  8705.95  8286.95  7877.79  7480.77  7100.64
2094  8709.36  8291.61  7882.8  7483.4  7103.34
2095  8717.3  8296.94  7886.35  7489.73  7108.6
2096  8720.12  8301.19  7891.35  7494.34  7110.48
2097  8724.4  8305.65  7894.41  7497.91  7114.61
2098  8729.24  8309.05  7898.89  7501.83  7119.28
2099  8724.33  8305.02  7895.54  7499.38  7116.25
2100  8713.41  8295.3  7885.63  7487.96  7107.69
2101  8704.52  8285.24  7878.08  7480.2  7098.48
2102  8699.73  8282.13  7870.88  7480.8  7092.57
2103  8692.74  8273.5  7866.55  7468.16  7089.87
2104  8691.9  8272.85  7864.67  7467.16  7088.54
2105  8689.4  8270.88  7862.8  7465.91  7086.15
2106  8688.13  8269.05  7861.06  7464.32  7085.38
2107  8689.44  8268.85  7860.07  7466.11  7085.1
2108  8687.69  8269.13  7861.66  7462.86  7084.18
2109  8682.67  8265.93  7858.71  7464.22  7082.57
2110  8679.77  8262.43  7853.01  7459.77  7077.61
2111  8628.25  8269.95  7846.94  8212.83  6258.67
2112  8670.36  8251.86  7846.49  7451.16  7070.04
2113  8665.27  8246.28  7841.47  7446.2  7065.47
2114  8660.96  8243.4  7836.59  7442.51  7060.57
2115  8655.93  8239.85  7833.35  7437.59  7057.09
2116  8653.5  8236.55  7830.32  7434.48  7057.86
2117  8650.92  8232.25  7826.34  7432.22  7054.65
2118  8652.49  8233.44  7828.43  7429.98  7054.55
2119  8651.4  8235.26  7828.34  7434.55  7052.4
2120  8657.36  8241.23  7833.01  7439.19  7060.59
2121  8658.51  8244.36  7835.95  7442.29  7062.21
2122  8663.73  8246.94  7841.75  7444.94  7065.82
2123  8664.86  8248.32  7840.1  7444.88  7066.43
2124  8658.62  8242.12  7834.62  7440.17  7060.98
2125  8653.22  8238.17  7830.25  7438.26  7053.83
2126  8654.55  8235.32  7830.59  7432.74  7052.77
2127  8651.55  8234.11  7828.91  7434.3  7055.43
2128  8654.46  8238.46  7831.13  7436.6  7056.95
2129  8667.48  8251.51  7845.14  7450.67  7069.79
2130  8672.12  8252.45  7846.88  7451.03  7072.41
2131  8678.61  8260.6  7848.7  7459.35  7071.47
2132  8657.07  8248.95  7847.01  7318.79  7003.43
2133  8681.23  8262.56  7854.32  7458.31  7081.34
